0.46443295478821
0.49328780174255
0.47752213478088
0.45321297645569
0.44768095016479
0.43512201309204
0.47117614746094
0.46567988395691
0.48584914207458
0.49748802185059
0.53720498085022
0.57203197479248
0.42774820327759
0.42832779884338
0.45854496955872
0.42305397987366
0.44264197349548
0.46466302871704
0.43241810798645
0.44759511947632
0.42989301681519
0.47807192802429
0.42426705360413
0.47704100608826
0.45650100708008
0.53969693183899
0.44131016731262
0.44706201553345
0.47340989112854
0.60684394836426
0.48826503753662
0.44026207923889
0.55201101303101
0.42813587188721
0.45493984222412
0.45879602432251
0.45348787307739
0.47710990905762
0.4324209690094
0.49404501914978
0.43687295913696
0.44142889976501
0.4554500579834
0.4667649269104
0.45205211639404
0.4517388343811
0.45249700546265
0.44215178489685
0.46672701835632
0.45220899581909
0.44831991195679
0.45337009429932
0.43200492858887
0.51111388206482
0.45069408416748
0.45118403434753
0.43139004707336
0.47565293312073
0.45260620117188
0.48519706726074
0.44462609291077
Semua pesan dikirim dalam 28.345144987106 detik.
